action,time
watch,2014-04-30 01:08:28
issue,2014-04-30 02:34:16
comment,2014-04-30 08:09:33
comment,2014-04-30 08:23:51
comment,2014-04-30 10:06:43
pull_request,2014-04-30 11:14:11
comment,2014-04-30 14:23:58
pull_request,2014-05-01 12:01:44
comment,2014-05-15 12:33:20
issue,2014-05-16 13:17:43
subscribed,2014-05-16 13:35:28
comment,2014-05-16 13:41:55
comment,2014-05-17 13:38:35
comment,2014-05-17 13:40:43
comment,2014-05-18 03:31:10
comment,2014-05-18 13:29:59
comment,2014-05-18 13:57:22
issue,2014-05-28 13:07:04
comment,2014-05-29 00:15:45
comment,2014-07-07 00:59:27
comment,2014-07-07 04:21:44
fork,2014-09-05 07:37:57
pull_request,2014-09-05 07:41:42
comment,2014-09-06 00:52:00
comment,2014-09-06 06:30:27
comment,2014-09-06 14:25:58
comment,2014-10-17 05:47:30
