action,time
watch,2011-07-10 00:25:59
subscribed,2011-09-18 19:52:30
issue,2011-09-18 19:52:30
comment,2011-10-16 17:15:19
subscribed,2011-10-18 02:32:25
issue,2011-10-18 02:32:25
comment,2011-10-18 14:41:28
subscribed,2011-11-11 22:53:23
pull_request,2011-11-11 22:53:23
comment,2011-11-11 23:52:22
subscribed,2011-12-03 02:23:58
issue,2011-12-03 02:23:58
comment,2011-12-03 02:28:42
comment,2012-03-06 06:21:49
subscribed,2012-03-06 06:21:50
comment,2012-03-07 19:42:31
comment,2012-03-27 18:07:49
subscribed,2012-03-27 18:07:49
comment,2012-06-03 01:23:54
comment,2012-06-03 01:24:41
comment,2012-06-09 23:40:50
subscribed,2012-06-13 23:58:54
issue,2012-06-13 23:58:54
issue,2012-08-28 20:48:16
comment,2012-08-28 20:59:24
comment,2012-08-28 21:06:52
comment,2012-08-28 21:11:03
comment,2012-08-28 22:30:31
comment,2012-08-30 00:37:57
comment,2012-08-30 00:51:07
comment,2012-08-30 01:38:27
comment,2012-08-30 01:54:34
pull_request,2012-10-04 22:10:28
comment,2012-10-05 16:51:14
comment,2012-10-05 17:34:05
comment,2012-10-05 19:16:34
comment,2012-10-06 18:17:58
comment,2012-10-06 18:32:51
issue,2013-06-28 20:19:03
comment,2013-06-28 21:02:44
comment,2013-06-28 21:09:38
issue,2013-06-28 21:20:13
comment,2013-06-28 21:20:31
comment,2013-06-28 21:21:11
comment,2013-06-29 00:15:15
pull_request,2013-06-29 19:18:43
comment,2013-06-29 19:22:08
comment,2013-06-29 19:27:30
comment,2013-06-29 19:31:21
comment,2013-06-29 19:43:44
comment,2013-06-29 19:47:50
comment,2013-06-29 20:01:37
comment,2013-06-29 20:16:03
comment,2013-07-01 14:01:26
comment,2013-07-01 14:13:35
comment,2013-07-01 16:18:55
comment,2013-07-01 18:24:16
comment,2013-07-01 21:28:42
comment,2013-07-04 21:46:06
pull_request,2013-07-04 21:46:56
comment,2013-07-04 21:48:08
comment,2013-07-04 21:57:41
comment,2013-07-06 01:07:41
pull_request,2013-07-06 01:08:46
comment,2013-07-06 01:31:56
comment,2013-07-06 01:36:16
pull_request,2013-07-06 04:09:40
pull_request,2013-07-06 04:55:56
comment,2013-07-06 14:04:04
pull_request,2013-07-06 14:35:14
comment,2013-07-06 14:38:51
comment,2013-07-06 14:58:42
comment,2013-07-06 17:47:17
comment,2013-07-06 18:05:36
comment,2013-07-07 14:42:36
subscribed,2013-07-07 19:21:47
comment,2013-07-07 22:05:01
comment,2013-07-07 22:11:03
subscribed,2013-07-07 22:11:03
comment,2013-07-08 03:17:13
comment,2013-07-08 03:54:30
pull_request,2013-07-08 03:55:22
pull_request,2013-07-08 04:13:04
comment,2013-07-08 04:14:13
pull_request,2013-07-08 04:18:31
comment,2013-07-08 04:20:04
comment,2013-07-08 04:22:42
comment,2013-07-08 04:30:56
comment,2013-07-08 04:34:40
comment,2013-07-08 04:35:07
subscribed,2013-07-08 04:38:25
comment,2013-07-08 05:01:19
comment,2013-07-08 05:36:25
comment,2013-07-08 05:55:14
comment,2013-07-08 07:09:28
comment,2013-07-08 07:17:53
comment,2013-07-08 07:27:48
comment,2013-07-08 14:58:19
comment,2013-07-08 15:25:50
comment,2013-07-11 03:16:15
comment,2013-07-11 14:27:56
comment,2013-07-11 14:30:41
comment,2013-07-12 03:21:20
comment,2013-07-12 23:18:13
comment,2013-07-12 23:36:48
comment,2013-07-13 00:01:04
comment,2013-07-13 00:15:51
comment,2013-07-13 03:42:09
comment,2013-07-13 15:55:42
comment,2013-07-13 16:05:33
comment,2013-07-13 22:59:26
comment,2013-07-14 00:56:55
comment,2013-07-14 01:07:53
comment,2013-07-14 03:43:04
comment,2013-07-14 20:41:22
comment,2013-07-14 21:00:58
comment,2013-07-14 21:24:54
comment,2013-07-16 19:41:22
comment,2013-07-18 00:58:09
comment,2013-07-26 19:50:51
comment,2013-07-26 21:54:48
comment,2013-07-26 21:57:41
comment,2013-07-26 21:59:22
comment,2013-07-26 22:14:10
comment,2013-07-26 22:36:31
comment,2013-07-26 23:24:04
comment,2013-07-27 03:18:52
comment,2013-07-27 03:23:21
comment,2013-07-27 03:44:50
comment,2013-07-27 04:40:47
comment,2013-07-27 04:51:11
comment,2013-07-27 05:01:44
comment,2013-07-27 05:07:34
comment,2013-07-29 15:49:39
comment,2013-07-29 19:48:45
comment,2013-08-03 05:58:05
comment,2013-08-03 07:39:05
comment,2013-08-03 08:16:27
comment,2013-08-03 08:16:27
comment,2013-08-03 22:30:47
comment,2013-08-04 03:41:33
pull_request,2013-08-04 05:50:14
pull_request,2013-08-04 06:06:52
comment,2013-08-04 15:56:25
comment,2013-08-16 04:55:11
comment,2013-08-19 15:18:52
fork,2013-08-28 00:30:46
issue,2013-12-03 21:39:12
comment,2013-12-03 23:49:22
pull_request,2014-01-26 06:07:01
comment,2014-01-26 07:21:40
pull_request,2014-03-15 08:10:33
comment,2014-03-15 08:16:18
pull_request,2014-03-15 08:41:11
comment,2014-03-15 08:54:17
comment,2014-03-15 20:57:58
comment,2014-03-15 21:03:12
comment,2014-03-17 23:55:29
comment,2014-03-18 04:26:46
comment,2014-03-18 04:33:03
comment,2014-03-18 18:24:02
pull_request,2014-03-19 20:57:22
comment,2014-03-19 20:59:22
comment,2014-03-19 21:18:51
comment,2014-03-19 21:18:51
pull_request,2014-04-08 23:04:21
issue,2014-04-09 21:58:28
comment,2014-04-09 22:13:30
comment,2014-04-11 15:59:25
comment,2014-04-17 00:17:08
subscribed,2014-04-18 12:44:35
issue,2014-08-23 18:14:02
comment,2014-08-24 01:19:53
comment,2014-08-24 01:26:54
pull_request,2015-01-13 01:24:35
pull_request,2015-01-13 01:35:12
comment,2015-01-14 21:24:10
comment,2015-01-15 22:16:00
comment,2015-01-29 20:15:26
comment,2015-01-29 20:57:54
comment,2015-03-19 07:58:44
comment,2015-03-20 04:40:39
pull_request,2015-05-20 18:01:03
comment,2015-05-20 18:04:22
comment,2015-05-20 18:04:22
comment,2015-05-20 18:12:10
issue,2016-02-15 04:58:57
subscribed,2016-02-15 07:02:36
subscribed,2016-02-15 11:09:14
subscribed,2016-02-18 21:55:51
comment,2016-02-19 23:47:31
comment,2016-02-22 08:27:24
subscribed,2016-02-22 18:25:48
comment,2016-02-22 19:20:09
subscribed,2016-02-22 20:53:20
subscribed,2016-02-22 22:09:23
comment,2016-02-25 00:26:59
comment,2016-02-26 08:17:51
subscribed,2016-02-26 14:26:27
comment,2016-02-26 20:09:59
