action,time
comment,2015-02-12 19:47:11
subscribed,2015-02-12 20:20:23
comment,2015-02-12 20:36:08
comment,2015-02-12 20:47:12
subscribed,2015-02-12 22:14:55
comment,2015-02-25 00:59:46
comment,2015-02-25 01:38:01
issue,2015-03-09 00:46:44
issue,2015-03-09 00:46:44
comment,2015-03-09 01:39:28
comment,2015-03-11 01:44:56
comment,2015-03-12 02:17:22
comment,2015-03-12 12:11:06
issue,2015-03-13 12:57:20
comment,2015-03-13 19:00:49
subscribed,2015-03-16 12:18:15
comment,2015-03-26 23:19:17
comment,2015-03-26 23:21:59
comment,2015-03-27 11:01:33
comment,2015-03-27 11:10:35
comment,2015-03-27 12:38:08
subscribed,2015-03-27 13:26:39
subscribed,2015-03-27 13:27:24
comment,2015-03-27 13:36:39
comment,2015-03-27 14:33:37
comment,2015-03-27 16:15:16
comment,2015-03-27 16:37:59
comment,2015-03-28 23:03:39
issue,2015-03-29 23:47:48
comment,2015-03-30 15:31:24
comment,2015-03-30 16:41:36
comment,2015-03-30 16:46:53
comment,2015-03-30 17:46:29
comment,2015-03-31 21:19:42
comment,2015-04-01 01:05:06
subscribed,2015-04-01 01:08:00
comment,2015-04-01 01:17:55
comment,2015-04-02 13:46:57
subscribed,2015-04-02 14:56:54
comment,2015-04-02 15:12:34
comment,2015-04-03 00:28:38
comment,2015-04-03 00:36:16
subscribed,2015-04-03 02:01:33
comment,2015-04-03 09:34:23
comment,2015-04-04 10:40:06
pull_request,2015-04-11 00:57:34
comment,2015-04-11 01:24:00
fork,2015-04-11 02:44:24
comment,2015-04-13 23:31:45
issue,2015-04-15 00:39:36
subscribed,2015-04-15 20:20:00
pull_request,2015-04-16 23:41:42
comment,2015-04-17 00:06:30
comment,2015-04-17 14:40:59
comment,2015-04-17 15:13:49
comment,2015-04-17 18:29:20
comment,2015-04-17 23:25:01
comment,2015-04-22 18:40:12
comment,2015-05-05 00:55:45
comment,2015-05-09 00:15:05
issue,2015-05-13 19:38:25
comment,2015-05-23 17:12:48
comment,2015-05-29 22:50:30
comment,2015-05-30 00:14:30
subscribed,2015-05-30 18:37:23
subscribed,2015-05-31 17:55:36
comment,2015-06-01 17:36:56
subscribed,2015-06-15 19:16:57
comment,2015-06-28 15:17:57
comment,2015-07-08 15:34:19
comment,2015-07-09 00:31:06
comment,2015-12-07 03:26:54
comment,2015-12-07 04:14:37
issue,2015-12-09 22:19:05
comment,2016-01-29 01:07:49
comment,2016-01-29 12:55:13
comment,2016-01-29 17:39:29
comment,2016-02-01 20:25:10
comment,2016-02-04 14:56:01
comment,2016-02-05 02:46:08
comment,2016-02-05 18:22:43
comment,2016-02-06 19:30:26
comment,2016-02-06 20:29:50
