action,time
issue,2011-07-15 07:18:26
subscribed,2011-07-15 07:18:26
comment,2011-07-15 15:23:00
comment,2011-07-16 00:40:23
subscribed,2011-07-16 00:40:23
comment,2011-07-16 01:10:36
comment,2011-07-17 21:50:44
subscribed,2011-07-17 21:50:44
subscribed,2011-07-20 11:12:50
comment,2011-07-20 11:12:50
comment,2011-07-20 11:40:41
comment,2011-07-20 14:11:45
comment,2011-07-21 11:12:25
comment,2011-08-19 14:50:34
comment,2011-09-15 11:48:56
comment,2011-10-16 09:09:34
comment,2011-10-20 22:49:02
comment,2011-10-20 23:42:57
issue,2012-09-24 21:52:51
comment,2012-09-25 07:23:26
comment,2012-09-25 20:02:15
comment,2012-09-26 06:41:52
subscribed,2012-09-26 07:49:44
comment,2012-09-26 08:11:32
comment,2012-09-26 09:09:52
subscribed,2012-09-26 14:57:51
comment,2012-09-26 15:23:11
subscribed,2012-09-27 22:20:16
comment,2012-09-29 20:28:43
subscribed,2012-10-01 14:48:29
subscribed,2012-10-01 14:49:04
subscribed,2012-10-01 15:03:56
subscribed,2012-10-01 15:39:56
subscribed,2012-10-01 15:52:00
comment,2012-10-01 16:18:23
subscribed,2012-10-01 16:57:06
issue,2012-10-28 22:15:40
