action,time
comment,2015-01-20 23:10:51
comment,2015-01-21 05:24:48
comment,2015-01-21 06:13:54
fork,2015-01-21 06:55:03
comment,2015-01-22 00:26:02
comment,2015-01-22 19:31:06
subscribed,2015-01-22 22:24:15
comment,2015-01-25 16:51:14
pull_request,2015-01-25 21:04:01
comment,2015-01-25 21:30:39
comment,2015-01-25 21:50:03
comment,2015-01-26 15:08:40
comment,2015-01-26 18:49:05
comment,2015-01-27 20:56:04
comment,2015-01-27 21:11:55
pull_request,2015-01-28 05:42:59
comment,2015-01-28 05:56:47
comment,2015-01-30 18:12:16
comment,2015-01-31 16:34:22
comment,2015-02-05 14:31:50
comment,2015-02-08 05:18:40
comment,2015-02-10 18:28:21
comment,2015-02-10 22:28:23
comment,2015-02-13 14:56:21
comment,2015-02-13 14:56:55
comment,2015-02-14 20:22:01
