action,time
comment,2013-12-04 03:18:03
comment,2014-01-08 18:35:45
comment,2014-01-08 19:32:47
comment,2014-01-08 19:41:08
subscribed,2014-04-29 10:50:19
comment,2014-04-29 18:42:47
comment,2014-04-29 18:43:54
comment,2014-04-29 18:45:57
subscribed,2014-04-29 19:17:20
subscribed,2014-04-29 20:49:34
comment,2014-04-29 21:23:33
subscribed,2014-04-30 02:13:23
subscribed,2014-04-30 04:00:10
comment,2014-05-02 21:12:53
subscribed,2014-05-02 21:25:32
comment,2014-05-02 22:02:55
comment,2014-05-02 22:58:59
comment,2014-05-02 23:16:59
comment,2014-05-02 23:17:24
comment,2014-05-05 19:17:45
comment,2014-05-05 19:19:32
comment,2014-05-05 19:20:36
subscribed,2014-06-08 19:14:22
comment,2014-06-09 12:24:20
comment,2014-06-09 18:36:39
comment,2014-06-09 18:38:42
comment,2014-06-09 18:39:11
comment,2014-06-23 11:24:07
comment,2014-06-23 11:27:55
fork,2014-07-22 19:01:18
pull_request,2014-07-22 19:12:21
pull_request,2014-07-22 20:51:42
comment,2014-07-22 20:52:23
comment,2014-07-22 20:59:19
comment,2014-07-22 23:58:12
comment,2014-07-23 01:15:11
comment,2014-07-23 01:25:22
comment,2014-07-24 13:08:52
comment,2014-07-24 13:09:36
comment,2014-07-24 13:34:03
comment,2014-07-24 13:37:57
comment,2014-07-30 10:54:28
comment,2014-07-30 10:54:56
comment,2014-07-31 19:28:01
comment,2014-07-31 19:28:58
comment,2014-07-31 19:37:09
comment,2014-08-06 13:08:11
comment,2014-08-06 13:09:28
comment,2014-08-06 13:11:51
subscribed,2014-08-06 13:13:54
comment,2014-08-06 13:17:56
comment,2014-08-09 13:55:29
comment,2014-08-20 16:21:16
comment,2014-08-20 16:21:24
comment,2014-08-26 10:13:51
comment,2014-08-26 10:37:08
comment,2014-08-26 10:37:16
subscribed,2014-08-26 17:27:33
subscribed,2014-09-09 18:45:03
subscribed,2014-10-17 04:03:30
comment,2014-10-17 10:32:55
subscribed,2014-10-17 14:49:45
comment,2014-10-17 14:54:42
pull_request,2015-05-10 00:35:32
pull_request,2015-05-10 01:47:46
comment,2015-05-10 02:18:52
comment,2015-05-11 14:37:30
pull_request,2015-05-11 19:58:02
comment,2015-05-11 20:02:03
pull_request,2015-05-12 01:30:58
comment,2015-05-12 01:40:02
comment,2015-05-12 01:47:35
issue,2015-05-16 00:53:36
comment,2015-05-16 01:16:29
pull_request,2015-05-16 01:16:37
comment,2015-05-16 01:18:10
comment,2015-05-16 01:19:56
comment,2015-05-16 01:32:10
comment,2015-05-16 01:34:12
pull_request,2015-05-16 11:38:30
comment,2015-05-18 02:20:54
comment,2015-05-18 11:55:08
comment,2015-05-18 11:56:07
comment,2015-05-18 11:56:07
comment,2015-05-18 11:57:20
comment,2015-05-18 12:03:01
comment,2015-05-18 12:24:13
comment,2015-05-19 12:11:20
pull_request,2015-05-19 13:52:27
comment,2015-05-19 13:52:44
comment,2015-05-19 13:53:19
comment,2015-05-19 13:57:54
comment,2015-05-19 18:01:20
subscribed,2015-06-04 20:46:51
subscribed,2015-06-04 20:47:57
comment,2015-06-04 20:50:46
comment,2015-06-04 20:52:52
comment,2015-06-04 20:53:06
comment,2015-06-04 20:53:48
pull_request,2015-06-04 22:21:27
comment,2015-06-04 22:24:39
comment,2015-06-04 22:32:39
comment,2015-06-04 22:47:40
comment,2015-06-05 00:23:19
comment,2015-06-05 18:42:17
comment,2015-06-06 22:03:47
comment,2015-06-07 14:38:25
comment,2015-06-07 14:48:40
comment,2015-06-08 09:26:14
comment,2015-06-08 14:36:45
pull_request,2015-06-10 12:53:44
comment,2015-06-10 13:23:02
subscribed,2015-06-16 12:43:21
comment,2015-06-16 12:49:17
comment,2015-06-16 15:35:17
comment,2015-06-16 15:39:50
comment,2015-06-16 15:42:41
comment,2015-06-16 15:52:13
subscribed,2015-06-23 14:28:02
comment,2015-06-23 14:36:19
comment,2015-06-23 14:37:34
subscribed,2015-06-23 15:44:20
comment,2015-06-23 19:07:58
pull_request,2015-06-23 19:28:02
comment,2015-06-23 20:45:10
comment,2015-06-24 00:18:13
comment,2015-06-24 00:21:33
comment,2015-06-24 00:47:53
comment,2015-06-24 00:50:42
comment,2015-06-24 00:51:29
subscribed,2015-06-24 01:31:19
comment,2015-06-25 12:06:17
comment,2015-06-26 16:59:34
comment,2015-07-06 23:20:57
comment,2015-07-07 12:35:44
comment,2015-07-07 12:37:24
comment,2015-07-07 15:02:32
comment,2015-07-07 15:34:05
subscribed,2015-07-07 16:01:01
comment,2015-07-09 15:36:49
comment,2015-07-09 15:37:13
pull_request,2015-07-09 15:43:06
comment,2015-07-10 14:44:21
comment,2015-07-15 22:35:34
comment,2015-07-15 22:36:36
comment,2015-07-15 22:37:16
comment,2015-07-15 23:31:40
comment,2015-07-15 23:33:51
comment,2015-07-15 23:37:32
subscribed,2015-07-17 16:28:20
comment,2015-07-17 16:46:51
comment,2015-09-01 16:30:18
subscribed,2015-09-01 19:44:43
subscribed,2015-10-27 00:26:16
subscribed,2015-10-29 00:46:29
subscribed,2015-10-29 00:58:06
comment,2015-10-29 01:20:56
comment,2015-10-29 01:26:49
comment,2015-10-29 01:28:40
comment,2015-10-29 01:32:37
comment,2015-10-29 17:15:58
comment,2015-10-29 17:17:53
comment,2015-10-29 17:43:02
comment,2015-10-29 17:43:25
comment,2015-10-29 22:34:54
comment,2015-10-30 00:33:04
comment,2015-10-30 00:35:21
subscribed,2016-02-02 22:07:25
