action,time
watch,2013-04-10 05:37:31
comment,2014-02-25 01:00:21
comment,2014-02-25 03:59:32
comment,2014-02-25 04:20:14
comment,2014-02-25 04:43:24
comment,2014-02-27 01:18:56
comment,2014-03-03 01:23:24
pull_request,2014-05-10 21:23:55
comment,2014-05-10 22:17:02
comment,2014-05-10 22:20:19
fork,2014-05-10 23:14:30
comment,2014-05-10 23:22:15
comment,2014-05-10 23:25:49
comment,2014-05-12 03:24:46
comment,2014-05-12 03:37:14
comment,2014-05-12 03:42:24
comment,2014-05-13 01:15:05
comment,2014-05-13 01:41:42
issue,2014-08-22 01:03:10
subscribed,2014-08-22 01:47:13
comment,2014-08-22 03:17:32
comment,2014-08-22 22:05:16
pull_request,2014-08-23 03:55:43
pull_request,2014-08-26 05:26:53
comment,2014-08-26 06:05:56
pull_request,2014-08-26 06:32:08
comment,2014-08-26 10:44:33
comment,2014-08-27 11:50:48
comment,2014-08-27 11:54:33
comment,2014-08-27 21:24:13
comment,2014-08-28 22:13:18
comment,2014-08-29 00:36:24
comment,2014-09-01 00:29:25
pull_request,2014-09-01 02:51:34
comment,2014-09-02 02:10:03
comment,2014-09-02 03:39:02
comment,2014-09-04 00:00:49
comment,2014-09-04 00:57:28
comment,2014-09-04 03:06:43
comment,2014-09-04 04:57:34
comment,2014-09-05 10:48:07
comment,2014-09-05 20:02:18
pull_request,2014-09-07 06:10:20
comment,2014-09-08 00:48:03
comment,2014-09-10 05:18:22
comment,2014-09-10 12:07:35
comment,2014-09-13 13:25:04
comment,2014-09-14 03:24:54
comment,2014-09-15 01:02:08
comment,2014-09-23 03:57:05
subscribed,2014-10-01 00:59:32
comment,2014-10-01 05:21:53
comment,2014-10-02 13:41:18
subscribed,2014-10-02 21:25:20
comment,2014-10-03 03:40:45
subscribed,2014-10-03 04:07:58
comment,2014-10-05 12:00:13
