action,time
comment,2014-02-12 12:42:37
issue,2014-04-17 17:50:32
comment,2014-04-24 15:43:58
comment,2014-06-23 14:18:53
comment,2014-07-12 13:46:03
issue,2014-10-24 10:19:09
issue,2015-07-29 15:52:38
comment,2015-08-11 10:39:10
comment,2015-08-25 19:30:41
comment,2015-08-25 19:42:46
comment,2015-09-08 15:16:09
comment,2015-10-19 12:45:12
comment,2015-10-19 12:46:40
comment,2015-10-21 10:26:05
issue,2015-12-22 22:31:03
subscribed,2015-12-22 22:32:21
comment,2015-12-22 22:33:06
comment,2015-12-22 22:40:44
comment,2015-12-22 22:40:44
issue,2015-12-28 16:30:58
comment,2015-12-28 16:35:37
comment,2015-12-28 16:44:35
comment,2015-12-28 17:01:05
comment,2016-01-05 16:12:06
comment,2016-01-16 18:37:08
comment,2016-03-06 20:36:06
