action,time
fork,2010-07-01 17:38:47
pull_request,2010-10-09 00:23:13
pull_request,2010-10-10 20:22:24
comment,2010-10-26 12:47:22
pull_request,2010-11-17 04:39:25
pull_request,2011-01-09 04:13:44
pull_request,2011-01-09 04:21:13
comment,2011-01-09 16:17:37
comment,2011-01-09 22:56:50
pull_request,2011-01-11 03:11:18
pull_request,2011-01-16 22:34:05
comment,2011-01-30 00:35:49
pull_request,2011-02-05 19:08:57
pull_request,2011-02-05 20:08:35
pull_request,2011-02-14 14:53:07
pull_request,2011-03-27 16:56:48
pull_request,2011-03-29 19:09:34
pull_request,2011-03-29 19:09:51
pull_request,2011-03-30 14:45:36
pull_request,2011-04-12 02:05:17
pull_request,2011-04-12 02:09:14
pull_request,2011-04-14 00:02:55
comment,2011-04-14 00:10:10
pull_request,2011-04-14 00:11:44
pull_request,2011-04-24 11:31:35
pull_request,2011-05-09 13:22:39
pull_request,2011-05-14 13:16:27
comment,2011-05-21 13:03:47
pull_request,2011-05-23 12:37:56
comment,2011-06-01 14:22:27
comment,2011-06-06 10:39:45
pull_request,2011-06-08 17:11:46
pull_request,2011-06-08 17:15:52
pull_request,2011-06-09 18:47:31
comment,2011-06-09 21:20:08
comment,2011-06-09 21:32:12
pull_request,2011-06-10 11:12:18
comment,2011-06-10 11:14:22
comment,2011-06-14 01:49:52
pull_request,2011-06-14 14:24:38
pull_request,2011-06-14 19:20:26
pull_request,2011-07-05 17:50:15
pull_request,2011-07-14 13:29:22
pull_request,2011-07-21 02:39:12
pull_request,2011-07-25 15:56:26
pull_request,2011-08-01 16:57:03
pull_request,2011-08-03 19:42:59
pull_request,2011-08-11 18:10:26
pull_request,2011-08-12 09:22:50
pull_request,2011-08-12 09:23:13
comment,2011-08-20 10:32:19
comment,2011-08-21 03:05:43
comment,2011-08-23 13:15:59
pull_request,2011-09-01 11:57:24
pull_request,2011-09-06 13:59:21
pull_request,2011-09-28 02:43:25
pull_request,2011-10-09 16:24:27
comment,2011-10-10 18:24:17
pull_request,2011-10-15 12:19:35
pull_request,2011-11-04 11:11:23
pull_request,2011-11-15 18:38:55
comment,2011-11-15 22:32:52
pull_request,2011-11-19 17:27:33
pull_request,2011-12-09 12:11:41
pull_request,2011-12-09 12:12:30
pull_request,2011-12-09 12:13:01
comment,2011-12-13 11:45:25
pull_request,2011-12-22 20:48:51
pull_request,2012-01-07 15:25:45
pull_request,2012-01-07 17:51:56
pull_request,2012-01-07 18:00:46
comment,2012-01-07 18:14:14
comment,2012-01-07 19:04:53
pull_request,2012-01-17 15:01:20
pull_request,2012-01-22 16:05:26
comment,2012-01-22 16:13:08
comment,2012-01-22 16:19:22
pull_request,2012-02-17 16:30:51
pull_request,2012-03-06 20:58:48
comment,2012-03-07 03:13:39
pull_request,2012-04-02 00:33:15
comment,2012-04-02 01:23:45
pull_request,2012-04-10 00:26:17
pull_request,2012-04-18 03:47:58
pull_request,2012-04-22 14:38:43
comment,2012-04-22 15:34:38
pull_request,2012-04-23 10:00:48
comment,2012-04-24 15:46:56
comment,2012-04-24 16:53:49
pull_request,2012-04-30 10:37:55
pull_request,2012-06-03 14:20:34
comment,2012-06-03 15:46:19
pull_request,2012-06-08 00:07:39
comment,2012-06-23 13:37:03
pull_request,2012-06-29 22:40:34
pull_request,2012-07-01 14:35:39
comment,2012-07-02 15:58:33
comment,2012-07-02 15:59:25
pull_request,2012-07-26 13:21:04
pull_request,2012-07-26 14:22:54
comment,2012-07-26 14:30:23
pull_request,2012-07-29 23:50:51
pull_request,2012-08-13 15:38:49
comment,2012-08-13 17:48:24
pull_request,2012-08-16 13:53:56
comment,2012-08-26 16:04:20
pull_request,2012-09-26 01:22:50
comment,2012-09-29 17:17:01
pull_request,2012-09-29 19:51:36
comment,2012-09-29 23:43:55
pull_request,2012-10-02 16:32:57
pull_request,2012-10-02 18:16:49
pull_request,2012-11-04 18:00:00
pull_request,2012-11-16 19:41:33
pull_request,2012-11-21 20:58:44
pull_request,2012-11-25 22:19:00
pull_request,2013-02-04 20:41:54
pull_request,2013-03-30 14:51:14
pull_request,2013-05-07 15:27:36
pull_request,2013-05-08 12:45:52
comment,2013-05-25 12:25:02
pull_request,2013-06-17 20:12:15
pull_request,2013-09-10 22:52:09
pull_request,2013-09-10 22:54:18
pull_request,2013-09-25 18:06:19
pull_request,2013-10-24 15:27:28
pull_request,2013-12-20 16:59:00
pull_request,2014-01-16 19:17:54
comment,2014-01-16 20:38:16
comment,2014-01-16 20:40:13
pull_request,2014-02-18 15:39:57
pull_request,2014-11-07 04:59:51
comment,2014-11-10 16:02:11
comment,2014-11-10 16:25:48
pull_request,2015-09-17 03:25:07
comment,2015-09-18 02:14:03
comment,2015-10-21 16:59:53
