action,time
pull_request,2015-10-03 19:02:54
fork,2015-10-03 20:42:54
fork,2015-10-03 20:42:54
comment,2015-10-03 21:02:11
comment,2015-10-03 21:35:16
comment,2015-10-09 02:49:34
issue,2015-10-22 03:24:32
comment,2015-10-22 12:13:10
comment,2015-10-22 12:56:26
pull_request,2015-12-18 03:58:51
comment,2015-12-18 04:45:55
pull_request,2016-01-09 21:04:52
comment,2016-01-10 05:50:46
comment,2016-01-10 19:56:02
comment,2016-01-11 01:58:27
comment,2016-01-11 15:06:12
issue,2016-01-15 06:22:10
comment,2016-01-15 16:33:36
pull_request,2016-01-16 07:44:36
comment,2016-01-16 08:03:51
comment,2016-01-16 08:04:01
comment,2016-01-21 08:32:23
comment,2016-01-21 08:32:23
issue,2016-01-26 04:01:03
comment,2016-01-26 04:01:43
subscribed,2016-01-26 09:09:11
pull_request,2016-01-26 15:38:18
issue,2016-01-27 06:47:41
issue,2016-03-01 15:39:01
subscribed,2016-03-01 21:04:45
comment,2016-03-02 03:20:53
pull_request,2016-03-10 05:01:47
comment,2016-03-10 05:50:14
pull_request,2016-03-10 17:39:39
comment,2016-03-11 04:35:31
pull_request,2016-03-11 16:24:35
pull_request,2016-03-11 16:28:31
pull_request,2016-03-11 16:35:48
comment,2016-03-11 16:39:30
pull_request,2016-03-13 02:19:55
